2.944267988204956055e+00
3.076024770736694336e+00
3.206588029861450195e+00
3.356783390045166016e+00
3.420780420303344727e+00
3.362909555435180664e+00
3.326532840728759766e+00
3.271533012390136719e+00
3.223848581314086914e+00
3.174432992935180664e+00
3.158003568649291992e+00
3.131818532943725586e+00
3.071423053741455078e+00
3.023337125778198242e+00
2.989950895309448242e+00
2.983285188674926758e+00
2.949154376983642578e+00
2.917567729949951172e+00
2.870205640792846680e+00
2.861705303192138672e+00
2.844611406326293945e+00
2.808841466903686523e+00
2.766730546951293945e+00
2.776114702224731445e+00
2.737710475921630859e+00
2.756870269775390625e+00
2.787661790847778320e+00
2.835561990737915039e+00
2.853456020355224609e+00
2.860079526901245117e+00
2.903671503067016602e+00
2.968273878097534180e+00
2.993432283401489258e+00
3.020657300949096680e+00
3.056332826614379883e+00
3.111303329467773438e+00
3.151703119277954102e+00
3.207814455032348633e+00
3.223893165588378906e+00
3.284271955490112305e+00
3.344924926757812500e+00
3.402817249298095703e+00
3.461179494857788086e+00
inf
inf
inf
inf
inf
inf
inf
inf
inf
inf
inf
inf
inf
inf
3.428505420684814453e+00
3.184777736663818359e+00
2.908823966979980469e+00
2.836890220642089844e+00
2.845615625381469727e+00
2.871081352233886719e+00
2.954354524612426758e+00
3.037758588790893555e+00
3.121768236160278320e+00
3.214732170104980469e+00
3.306352376937866211e+00
3.412356376647949219e+00
inf
inf
inf
inf
inf
inf
inf
inf
inf
inf
3.423389673233032227e+00
3.330394029617309570e+00
3.273846149444580078e+00
3.170716524124145508e+00
3.111079931259155273e+00
3.036531448364257812e+00
2.991533517837524414e+00
2.902899265289306641e+00
2.841215133666992188e+00
2.813688278198242188e+00
2.858365297317504883e+00
2.901805877685546875e+00
2.965326309204101562e+00
3.033610582351684570e+00
3.114168643951416016e+00
3.189652442932128906e+00
3.246608734130859375e+00
3.332850694656372070e+00
3.415342569351196289e+00
inf
inf
inf
inf
3.480202198028564453e+00
3.421057701110839844e+00
3.383075237274169922e+00
3.337662220001220703e+00
3.288422346115112305e+00
3.251176118850708008e+00
3.226089954376220703e+00
3.180634975433349609e+00
3.151406526565551758e+00
3.105195999145507812e+00
3.077807664871215820e+00
3.046850204467773438e+00
3.018811464309692383e+00
2.990586519241333008e+00
2.948025465011596680e+00
2.932246685028076172e+00
2.906046628952026367e+00
2.902737140655517578e+00
2.867231845855712891e+00
2.839249134063720703e+00
2.820059776306152344e+00
2.809291362762451172e+00
2.782234191894531250e+00
2.763761520385742188e+00
2.756289243698120117e+00
2.730855703353881836e+00
2.730867862701416016e+00
2.714864492416381836e+00
2.695274353027343750e+00
2.693163156509399414e+00
2.663947820663452148e+00
2.664102315902709961e+00
2.666773080825805664e+00
2.642831563949584961e+00
2.625514507293701172e+00
2.647827148437500000e+00
2.630368947982788086e+00
2.629978895187377930e+00
2.616062641143798828e+00
2.615965843200683594e+00
2.615025281906127930e+00
2.612099885940551758e+00
2.607976198196411133e+00
2.617212533950805664e+00
2.596360206604003906e+00
2.622616291046142578e+00
2.618773460388183594e+00
1.512185573577880859e+00
1.496837258338928223e+00
1.449194550514221191e+00
1.448388099670410156e+00
1.399140357971191406e+00
1.395175218582153320e+00
1.367764592170715332e+00
1.335473418235778809e+00
1.337719321250915527e+00
1.300793766975402832e+00
1.277941346168518066e+00
1.287395715713500977e+00
1.251908063888549805e+00
1.235787272453308105e+00
1.214180588722229004e+00
1.216940760612487793e+00
1.204637765884399414e+00
1.178805470466613770e+00
1.169125199317932129e+00
1.160670757293701172e+00
1.147771477699279785e+00
1.144721508026123047e+00
1.133985757827758789e+00
1.128516793251037598e+00
1.127423405647277832e+00
1.108882665634155273e+00
1.090730667114257812e+00
1.102698564529418945e+00
1.086501359939575195e+00
1.077884793281555176e+00
1.056578159332275391e+00
1.059133529663085938e+00
1.057120203971862793e+00
1.058687448501586914e+00
1.060968875885009766e+00
1.058388829231262207e+00
1.043773174285888672e+00
1.051883459091186523e+00
1.038501977920532227e+00
1.043841600418090820e+00
1.019087314605712891e+00
1.008470058441162109e+00
9.110818505287170410e-01
8.570860624313354492e-01
7.836047410964965820e-01
7.259550094604492188e-01
6.753109097480773926e-01
6.382216215133666992e-01
6.271666288375854492e-01
5.766436457633972168e-01
5.704690217971801758e-01
5.194109082221984863e-01
5.045579671859741211e-01
4.914136528968811035e-01
4.682678282260894775e-01
4.307981431484222412e-01
4.259192943572998047e-01
4.200715124607086182e-01
3.983722031116485596e-01
3.766042590141296387e-01
3.683203458786010742e-01
3.743168711662292480e-01
3.485508263111114502e-01
3.475707173347473145e-01
3.382666707038879395e-01
3.372159004211425781e-01
3.326513767242431641e-01
3.129632472991943359e-01
2.879200577735900879e-01
2.946719527244567871e-01
2.983991503715515137e-01
2.726831734180450439e-01
3.134032785892486572e-01
2.623710930347442627e-01
2.661463022232055664e-01
2.833949923515319824e-01
2.663975656032562256e-01
2.521312236785888672e-01
2.413514703512191772e-01
2.424399107694625854e-01
2.669754624366760254e-01
2.487025707960128784e-01
2.612574696540832520e-01
2.451559454202651978e-01
2.273398041725158691e-01
2.316184639930725098e-01
2.238177508115768433e-01
2.257197648286819458e-01
2.160096466541290283e-01
2.217503637075424194e-01
2.258478850126266479e-01
2.068655192852020264e-01
1.959606111049652100e-01
2.021673172712326050e-01
2.040624618530273438e-01
2.075016349554061890e-01
1.941819489002227783e-01
2.202277034521102905e-01
2.056352794170379639e-01
2.418253272771835327e-01
2.145959585905075073e-01
2.031818926334381104e-01
1.907598674297332764e-01
2.007594704627990723e-01
1.953654289245605469e-01
1.876409202814102173e-01
1.879992187023162842e-01
2.017508000135421753e-01
1.984140872955322266e-01
1.822387725114822388e-01
1.975402384996414185e-01
2.061873376369476318e-01
2.030258923768997192e-01
1.915251761674880981e-01
1.956629008054733276e-01
1.881920397281646729e-01
2.022088319063186646e-01
1.773846745491027832e-01
2.183719277381896973e-01
1.697720587253570557e-01
1.822797507047653198e-01
2.122816592454910278e-01
1.842079758644104004e-01
1.904282122850418091e-01
1.984835863113403320e-01
1.807702183723449707e-01
1.983314305543899536e-01
1.941206306219100952e-01
2.052090167999267578e-01
1.816649734973907471e-01
1.985419094562530518e-01
1.989534348249435425e-01
1.855905652046203613e-01
1.822645366191864014e-01
1.933171153068542480e-01
2.024940103292465210e-01
1.908771544694900513e-01
2.164271771907806396e-01
1.929967999458312988e-01
2.017922699451446533e-01
1.942009776830673218e-01
2.037795335054397583e-01
2.126697599887847900e-01
1.947325468063354492e-01
2.084132432937622070e-01
2.222485840320587158e-01
2.013447284698486328e-01
2.172799408435821533e-01
2.006546407938003540e-01
2.031142264604568481e-01
2.160826176404953003e-01
2.105044275522232056e-01
2.217593938112258911e-01
2.297078669071197510e-01
2.313341945409774780e-01
2.294462621212005615e-01
2.345725744962692261e-01
2.342538088560104370e-01
2.513481080532073975e-01
2.510287165641784668e-01
2.433176785707473755e-01
2.286488115787506104e-01
2.663194239139556885e-01
2.634493410587310791e-01
2.770007252693176270e-01
2.718199193477630615e-01
2.736541032791137695e-01
2.618698775768280029e-01
2.840119600296020508e-01
2.793037593364715576e-01
2.907128334045410156e-01
2.903481721878051758e-01
2.991300225257873535e-01
3.100942373275756836e-01
3.340612351894378662e-01
3.104887902736663818e-01
3.165788948535919189e-01
3.292765021324157715e-01
3.518626689910888672e-01
3.399070501327514648e-01
3.546585440635681152e-01
3.723617792129516602e-01
1.727625966072082520e+00
1.725165963172912598e+00
1.719939351081848145e+00
1.716876149177551270e+00
1.721871137619018555e+00
1.721178770065307617e+00
1.715670704841613770e+00
1.705824494361877441e+00
1.670114755630493164e+00
1.685151100158691406e+00
1.697460055351257324e+00
1.753752470016479492e+00
1.798975467681884766e+00
1.824010252952575684e+00
1.873213291168212891e+00
1.935067892074584961e+00
1.990618586540222168e+00
2.018475770950317383e+00
2.100956678390502930e+00
2.123959541320800781e+00
2.206979036331176758e+00
2.284228086471557617e+00
2.326682567596435547e+00
2.428671360015869141e+00
2.506473302841186523e+00
2.589094400405883789e+00
2.694536924362182617e+00
2.814791440963745117e+00
2.920228004455566406e+00
